# Number of interactions vs. number of pairs of vertices CDF
# numInteractions	numPairsOfVertices	
1	1956465	
2	2676634	
3	3004021	
4	3225223	
5	3358319	
6	3461330	
7	3531977	
8	3589518	
9	3632400	
10	3668330	
11	3696438	
12	3720593	
13	3740400	
14	3757893	
15	3772194	
16	3784821	
17	3795672	
18	3805473	
19	3813925	
20	3821550	
21	3828291	
22	3834326	
23	3839702	
24	3844501	
25	3848734	
26	3852789	
27	3856523	
28	3859945	
29	3863065	
30	3865932	
31	3868582	
32	3871081	
33	3873341	
34	3875445	
35	3877428	
36	3879258	
37	3880903	
38	3882518	
39	3884036	
40	3885442	
41	3886826	
42	3888108	
43	3889337	
44	3890451	
45	3891491	
46	3892482	
47	3893421	
48	3894308	
49	3895174	
50	3895938	
51	3896684	
52	3897388	
53	3898114	
54	3898777	
55	3899403	
56	3900037	
57	3900583	
58	3901099	
59	3901621	
60	3902172	
61	3902617	
62	3903083	
63	3903526	
64	3903955	
65	3904353	
66	3904746	
67	3905120	
68	3905480	
69	3905846	
70	3906201	
71	3906549	
72	3906857	
73	3907190	
74	3907542	
75	3907837	
76	3908174	
77	3908483	
78	3908736	
79	3908987	
80	3909246	
81	3909487	
82	3909747	
83	3909989	
84	3910216	
85	3910434	
86	3910639	
87	3910820	
88	3911011	
89	3911187	
90	3911355	
91	3911538	
92	3911715	
93	3911878	
94	3912031	
95	3912178	
96	3912330	
97	3912491	
98	3912623	
99	3912776	
100	3912907	
101	3913060	
102	3913182	
103	3913336	
104	3913465	
105	3913588	
106	3913705	
107	3913812	
108	3913934	
109	3914040	
110	3914158	
111	3914244	
112	3914331	
113	3914440	
114	3914543	
115	3914632	
116	3914732	
117	3914828	
118	3914917	
119	3914993	
120	3915090	
121	3915177	
122	3915274	
123	3915354	
124	3915441	
125	3915514	
126	3915595	
127	3915674	
128	3915743	
129	3915814	
130	3915881	
131	3915960	
132	3916026	
133	3916091	
134	3916160	
135	3916212	
136	3916264	
137	3916327	
138	3916380	
139	3916430	
140	3916493	
141	3916548	
142	3916608	
143	3916671	
144	3916719	
145	3916778	
146	3916831	
147	3916865	
148	3916928	
149	3916990	
150	3917026	
151	3917071	
152	3917109	
153	3917142	
154	3917193	
155	3917245	
156	3917278	
157	3917319	
158	3917366	
159	3917409	
160	3917461	
161	3917492	
162	3917535	
163	3917563	
164	3917598	
165	3917631	
166	3917667	
167	3917706	
168	3917748	
169	3917783	
170	3917815	
171	3917852	
172	3917888	
173	3917926	
174	3917955	
175	3917997	
176	3918031	
177	3918066	
178	3918101	
179	3918126	
180	3918158	
181	3918193	
182	3918224	
183	3918262	
184	3918290	
185	3918325	
186	3918359	
187	3918384	
188	3918417	
189	3918435	
190	3918468	
191	3918487	
192	3918513	
193	3918541	
194	3918560	
195	3918585	
196	3918613	
197	3918635	
198	3918658	
199	3918683	
200	3918708	
201	3918726	
202	3918750	
203	3918775	
204	3918797	
205	3918812	
206	3918833	
207	3918856	
208	3918875	
209	3918908	
210	3918933	
211	3918957	
212	3918987	
213	3919006	
214	3919025	
215	3919044	
216	3919063	
217	3919084	
218	3919107	
219	3919130	
220	3919147	
221	3919164	
222	3919176	
223	3919192	
224	3919209	
225	3919231	
226	3919255	
227	3919272	
228	3919287	
229	3919302	
230	3919314	
231	3919334	
232	3919352	
233	3919368	
234	3919386	
235	3919415	
236	3919437	
237	3919446	
238	3919457	
239	3919467	
240	3919481	
241	3919495	
242	3919512	
243	3919530	
244	3919551	
245	3919558	
246	3919571	
247	3919581	
248	3919592	
249	3919611	
250	3919621	
251	3919630	
252	3919637	
253	3919648	
254	3919659	
255	3919668	
256	3919677	
257	3919690	
258	3919705	
259	3919717	
260	3919726	
261	3919740	
262	3919751	
263	3919769	
264	3919787	
265	3919796	
266	3919805	
267	3919816	
268	3919823	
269	3919839	
270	3919846	
271	3919856	
272	3919873	
273	3919880	
274	3919891	
275	3919903	
276	3919909	
277	3919917	
278	3919925	
279	3919932	
280	3919940	
281	3919947	
282	3919957	
283	3919963	
284	3919973	
285	3919982	
286	3920006	
287	3920012	
288	3920024	
289	3920032	
290	3920049	
291	3920057	
292	3920061	
293	3920070	
294	3920078	
295	3920087	
296	3920102	
297	3920112	
298	3920121	
299	3920130	
300	3920141	
301	3920150	
302	3920154	
303	3920159	
304	3920164	
305	3920174	
306	3920184	
307	3920189	
308	3920199	
309	3920206	
310	3920216	
311	3920225	
312	3920233	
313	3920242	
314	3920253	
315	3920259	
316	3920271	
317	3920279	
318	3920283	
319	3920295	
320	3920305	
321	3920313	
322	3920316	
323	3920322	
324	3920330	
325	3920335	
326	3920346	
327	3920351	
328	3920355	
329	3920360	
330	3920364	
331	3920372	
332	3920377	
333	3920384	
334	3920391	
335	3920395	
336	3920403	
337	3920406	
338	3920411	
339	3920417	
340	3920425	
341	3920431	
342	3920437	
343	3920445	
344	3920446	
345	3920448	
346	3920450	
347	3920455	
348	3920464	
349	3920468	
350	3920471	
351	3920474	
352	3920478	
353	3920483	
354	3920487	
355	3920493	
356	3920495	
357	3920504	
358	3920507	
359	3920513	
360	3920517	
361	3920523	
362	3920529	
363	3920538	
364	3920544	
365	3920547	
366	3920551	
367	3920561	
368	3920565	
369	3920567	
370	3920575	
371	3920578	
372	3920581	
373	3920583	
374	3920588	
375	3920592	
376	3920595	
377	3920598	
378	3920601	
379	3920605	
380	3920608	
381	3920610	
382	3920615	
383	3920621	
384	3920626	
385	3920627	
387	3920630	
388	3920637	
389	3920644	
390	3920646	
391	3920654	
392	3920657	
393	3920661	
394	3920666	
395	3920675	
396	3920676	
397	3920681	
398	3920688	
399	3920690	
400	3920693	
401	3920695	
402	3920701	
403	3920703	
404	3920709	
405	3920712	
406	3920716	
407	3920717	
408	3920719	
409	3920722	
411	3920728	
412	3920731	
413	3920734	
414	3920737	
415	3920741	
416	3920743	
417	3920746	
418	3920749	
419	3920750	
420	3920751	
421	3920757	
422	3920762	
423	3920765	
424	3920768	
425	3920769	
426	3920770	
427	3920772	
428	3920775	
429	3920787	
430	3920788	
431	3920792	
432	3920798	
433	3920801	
435	3920804	
436	3920813	
437	3920815	
438	3920816	
439	3920820	
440	3920822	
441	3920828	
442	3920830	
443	3920831	
444	3920834	
445	3920836	
446	3920839	
447	3920845	
449	3920848	
450	3920851	
451	3920856	
452	3920857	
453	3920860	
456	3920863	
457	3920864	
458	3920868	
459	3920873	
460	3920877	
461	3920878	
462	3920879	
464	3920882	
467	3920885	
468	3920888	
469	3920889	
470	3920890	
473	3920892	
474	3920894	
476	3920897	
477	3920898	
478	3920903	
479	3920904	
480	3920908	
481	3920910	
482	3920912	
483	3920915	
485	3920916	
486	3920919	
487	3920925	
488	3920926	
489	3920927	
490	3920933	
491	3920939	
492	3920946	
493	3920948	
494	3920949	
495	3920951	
496	3920952	
497	3920956	
498	3920958	
499	3920960	
500	3920961	
501	3920962	
504	3920964	
505	3920967	
506	3920968	
507	3920969	
508	3920971	
510	3920974	
511	3920976	
512	3920977	
513	3920979	
514	3920980	
515	3920984	
516	3920985	
517	3920988	
518	3920989	
519	3920992	
520	3920994	
521	3920995	
522	3920998	
523	3921000	
524	3921001	
526	3921004	
527	3921008	
528	3921010	
529	3921011	
531	3921015	
532	3921017	
533	3921021	
534	3921026	
535	3921029	
536	3921030	
538	3921031	
539	3921033	
540	3921035	
541	3921036	
542	3921037	
543	3921040	
545	3921041	
547	3921043	
548	3921045	
549	3921046	
550	3921049	
551	3921052	
552	3921056	
553	3921059	
554	3921060	
555	3921063	
556	3921064	
557	3921065	
558	3921066	
559	3921067	
560	3921068	
561	3921070	
562	3921073	
563	3921075	
565	3921078	
566	3921079	
567	3921080	
568	3921081	
569	3921083	
570	3921085	
571	3921086	
572	3921087	
574	3921088	
575	3921089	
576	3921090	
578	3921095	
583	3921097	
584	3921099	
585	3921101	
586	3921102	
588	3921103	
589	3921107	
590	3921108	
591	3921109	
592	3921111	
593	3921113	
594	3921117	
595	3921121	
596	3921122	
597	3921124	
598	3921126	
599	3921129	
600	3921130	
602	3921131	
603	3921133	
604	3921134	
608	3921135	
609	3921139	
610	3921140	
611	3921142	
612	3921143	
613	3921145	
615	3921146	
617	3921147	
619	3921150	
620	3921153	
621	3921155	
622	3921156	
624	3921157	
627	3921159	
628	3921160	
629	3921162	
630	3921163	
631	3921165	
632	3921166	
634	3921169	
636	3921170	
637	3921171	
638	3921173	
640	3921177	
643	3921178	
644	3921180	
645	3921181	
646	3921184	
648	3921185	
649	3921187	
651	3921189	
653	3921190	
654	3921191	
658	3921192	
659	3921193	
660	3921194	
661	3921195	
663	3921197	
665	3921198	
666	3921199	
669	3921200	
670	3921201	
673	3921203	
674	3921205	
677	3921208	
678	3921210	
685	3921212	
687	3921213	
688	3921216	
689	3921218	
690	3921219	
691	3921221	
694	3921223	
695	3921224	
697	3921225	
699	3921227	
700	3921229	
701	3921230	
703	3921232	
705	3921233	
708	3921234	
710	3921235	
711	3921236	
712	3921237	
716	3921239	
719	3921242	
720	3921243	
721	3921244	
724	3921245	
725	3921246	
727	3921247	
729	3921248	
732	3921249	
733	3921250	
734	3921251	
736	3921253	
739	3921260	
742	3921261	
745	3921263	
746	3921266	
748	3921267	
751	3921268	
752	3921270	
754	3921273	
760	3921277	
766	3921278	
770	3921279	
774	3921280	
777	3921281	
780	3921282	
783	3921283	
784	3921284	
793	3921285	
796	3921286	
798	3921287	
799	3921288	
802	3921290	
803	3921291	
805	3921292	
806	3921293	
807	3921294	
814	3921295	
815	3921298	
816	3921299	
817	3921300	
818	3921308	
822	3921309	
824	3921310	
825	3921313	
828	3921314	
834	3921315	
835	3921316	
838	3921318	
839	3921319	
840	3921321	
841	3921322	
842	3921323	
843	3921324	
850	3921325	
851	3921326	
854	3921327	
856	3921328	
857	3921329	
858	3921330	
862	3921331	
864	3921332	
865	3921334	
866	3921337	
874	3921338	
877	3921339	
878	3921341	
879	3921342	
883	3921343	
884	3921344	
888	3921345	
893	3921346	
896	3921348	
900	3921349	
902	3921350	
908	3921351	
912	3921361	
916	3921362	
917	3921363	
918	3921364	
919	3921365	
924	3921366	
925	3921368	
929	3921369	
935	3921370	
937	3921371	
945	3921373	
951	3921374	
952	3921375	
953	3921376	
954	3921377	
963	3921378	
965	3921380	
972	3921384	
974	3921385	
976	3921387	
977	3921388	
978	3921389	
983	3921390	
989	3921391	
1002	3921392	
1003	3921395	
1006	3921396	
1011	3921397	
1017	3921398	
1020	3921399	
1021	3921401	
1023	3921402	
1028	3921403	
1038	3921404	
1039	3921405	
1046	3921406	
1058	3921407	
1077	3921408	
1099	3921409	
1109	3921410	
1111	3921411	
1124	3921412	
1127	3921413	
1139	3921414	
1146	3921415	
1164	3921416	
1167	3921417	
1170	3921418	
1189	3921420	
1203	3921421	
1206	3921422	
1211	3921423	
1215	3921424	
1217	3921425	
1222	3921426	
1229	3921427	
1237	3921428	
1268	3921429	
1287	3921430	
1296	3921431	
1328	3921432	
1347	3921433	
1362	3921434	
1369	3921436	
1398	3921437	
1434	3921438	
1441	3921439	
1446	3921440	
1478	3921441	
1486	3921442	
1487	3921443	
1525	3921444	
1540	3921445	
1582	3921446	
1586	3921447	
1596	3921448	
1597	3921449	
1655	3921450	
1677	3921451	
1685	3921452	
1701	3921453	
1730	3921454	
1865	3921455	
1993	3921456	
2016	3921457	
2053	3921458	
2054	3921459	
2110	3921460	
2124	3921461	
2192	3921462	
2209	3921463	
2220	3921464	
2251	3921465	
2341	3921466	
2446	3921467	
2562	3921468	
2737	3921469	
2809	3921470	
2978	3921471	
3076	3921472	
3149	3921473	
3212	3921474	
3378	3921475	
3388	3921476	
3772	3921477	
3820	3921478	
4069	3921479	
5714	3921480	
5810	3921481	
7192	3921482	
7596	3921483	
7707	3921485	
7718	3921490	
7722	3921491	
8610	3921492	
9124	3921494	
23277	3921495	